INSERT 14 14 14 14
INSERT 782 782 782 782
INSERT 923 923 923 923
INSERT 458 458 458 458
INSERT 961 961 961 961
INSERT 128 128 128 128
INSERT 102 102 102 102
INSERT 475 475 475 475
INSERT 89 89 89 89
INSERT 903 903 903 903
INSERT 342 342 342 342
INSERT 619 619 619 619
INSERT 985 985 985 985
INSERT 524 524 524 524
INSERT 671 671 671 671
INSERT 558 558 558 558
INSERT 692 692 692 692
INSERT 562 562 562 562
INSERT 6 6 6 6
INSERT 919 919 919 919
INSERT 130 130 130 130
INSERT 260 260 260 260
INSERT 337 337 337 337
INSERT 650 650 650 650
INSERT 642 642 642 642
INSERT 418 418 418 418
INSERT 884 884 884 884
INSERT 134 134 134 134
INSERT 557 557 557 557
INSERT 519 519 519 519
INSERT 580 580 580 580
INSERT 74 74 74 74
INSERT 823 823 823 823
INSERT 701 701 701 701
INSERT 290 290 290 290
INSERT 749 749 749 749
INSERT 83 83 83 83
INSERT 231 231 231 231
INSERT 627 627 627 627
INSERT 254 254 254 254
INSERT 773 773 773 773
INSERT 800 800 800 800
INSERT 928 928 928 928
INSERT 778 778 778 778
INSERT 212 212 212 212
INSERT 63 63 63 63
INSERT 8 8 8 8
INSERT 62 62 62 62
INSERT 497 497 497 497
INSERT 728 728 728 728
INSERT 152 152 152 152
INSERT 652 652 652 652
INSERT 533 533 533 533
INSERT 229 229 229 229
INSERT 983 983 983 983
INSERT 195 195 195 195
INSERT 977 977 977 977
INSERT 638 638 638 638
INSERT 605 605 605 605
INSERT 746 746 746 746
INSERT 373 373 373 373
INSERT 589 589 589 589
INSERT 189 189 189 189
INSERT 26 26 26 26
INSERT 202 202 202 202
INSERT 875 875 875 875
INSERT 12 12 12 12
INSERT 803 803 803 803
INSERT 43 43 43 43
INSERT 824 824 824 824
INSERT 943 943 943 943
INSERT 478 478 478 478
INSERT 956 956 956 956
INSERT 295 295 295 295
INSERT 380 380 380 380
INSERT 888 888 888 888
INSERT 941 941 941 941
INSERT 246 246 246 246
INSERT 913 913 913 913
INSERT 900 900 900 900
INSERT 114 114 114 114
INSERT 168 168 168 168
INSERT 695 695 695 695
INSERT 510 510 510 510
INSERT 870 870 870 870
INSERT 266 266 266 266
INSERT 171 171 171 171
INSERT 436 436 436 436
INSERT 614 614 614 614
INSERT 105 105 105 105
INSERT 521 521 521 521
INSERT 868 868 868 868
INSERT 849 849 849 849
INSERT 214 214 214 214
INSERT 740 740 740 740
INSERT 489 489 489 489
INSERT 918 918 918 918
INSERT 293 293 293 293
INSERT 965 965 965 965
INSERT 708 708 708 708
INSERT 450 450 450 450
INSERT 609 609 609 609
INSERT 362 362 362 362
INSERT 406 406 406 406
INSERT 825 825 825 825
INSERT 186 186 186 186
INSERT 820 820 820 820
INSERT 508 508 508 508
INSERT 482 482 482 482
INSERT 494 494 494 494
INSERT 667 667 667 667
INSERT 391 391 391 391
INSERT 330 330 330 330
INSERT 409 409 409 409
INSERT 678 678 678 678
INSERT 789 789 789 789
INSERT 18 18 18 18
INSERT 493 493 493 493
INSERT 643 643 643 643
INSERT 162 162 162 162
INSERT 78 78 78 78
INSERT 518 518 518 518
INSERT 637 637 637 637
INSERT 774 774 774 774
INSERT 761 761 761 761
INSERT 858 858 858 858
INSERT 834 834 834 834
INSERT 148 148 148 148
INSERT 69 69 69 69
INSERT 65 65 65 65
INSERT 902 902 902 902
INSERT 339 339 339 339
INSERT 978 978 978 978
INSERT 73 73 73 73
INSERT 143 143 143 143
INSERT 416 416 416 416
INSERT 352 352 352 352
INSERT 344 344 344 344
INSERT 613 613 613 613
INSERT 27 27 27 27
INSERT 568 568 568 568
INSERT 951 951 951 951
INSERT 784 784 784 784
INSERT 201 201 201 201
INSERT 41 41 41 41
INSERT 546 546 546 546
INSERT 288 288 288 288
INSERT 343 343 343 343
INSERT 183 183 183 183
INSERT 658 658 658 658
INSERT 857 857 857 857
INSERT 931 931 931 931
INSERT 654 654 654 654
INSERT 466 466 466 466
INSERT 287 287 287 287
INSERT 257 257 257 257
INSERT 440 440 440 440
INSERT 509 509 509 509
INSERT 863 863 863 863
INSERT 121 121 121 121
INSERT 911 911 911 911
INSERT 719 719 719 719
INSERT 718 718 718 718
INSERT 329 329 329 329
INSERT 606 606 606 606
INSERT 729 729 729 729
INSERT 687 687 687 687
INSERT 641 641 641 641
INSERT 812 812 812 812
INSERT 384 384 384 384
INSERT 194 194 194 194
INSERT 584 584 584 584
INSERT 661 661 661 661
INSERT 332 332 332 332
INSERT 899 899 899 899
INSERT 527 527 527 527
INSERT 699 699 699 699
INSERT 9 9 9 9
INSERT 697 697 697 697
INSERT 515 515 515 515
INSERT 739 739 739 739
INSERT 122 122 122 122
INSERT 109 109 109 109
INSERT 534 534 534 534
INSERT 989 989 989 989
INSERT 975 975 975 975
INSERT 949 949 949 949
INSERT 901 901 901 901
INSERT 309 309 309 309
INSERT 355 355 355 355
INSERT 483 483 483 483
INSERT 48 48 48 48
INSERT 754 754 754 754
INSERT 312 312 312 312
INSERT 560 560 560 560
INSERT 748 748 748 748
INSERT 743 743 743 743
INSERT 211 211 211 211
INSERT 780 780 780 780
INSERT 735 735 735 735
INSERT 860 860 860 860
INSERT 234 234 234 234
INSERT 674 674 674 674
INSERT 694 694 694 694
INSERT 542 542 542 542
INSERT 980 980 980 980
INSERT 561 561 561 561
INSERT 997 997 997 997
INSERT 837 837 837 837
INSERT 850 850 850 850
INSERT 926 926 926 926
INSERT 545 545 545 545
INSERT 1000 1000 1000 1000
INSERT 790 790 790 790
INSERT 390 390 390 390
INSERT 992 992 992 992
INSERT 682 682 682 682
INSERT 722 722 722 722
INSERT 20 20 20 20
INSERT 99 99 99 99
INSERT 341 341 341 341
INSERT 399 399 399 399
INSERT 371 371 371 371
INSERT 964 964 964 964
INSERT 75 75 75 75
INSERT 925 925 925 925
INSERT 618 618 618 618
INSERT 972 972 972 972
INSERT 852 852 852 852
INSERT 987 987 987 987
INSERT 239 239 239 239
INSERT 963 963 963 963
INSERT 844 844 844 844
INSERT 331 331 331 331
INSERT 556 556 556 556
INSERT 662 662 662 662
INSERT 796 796 796 796
INSERT 564 564 564 564
INSERT 165 165 165 165
INSERT 767 767 767 767
INSERT 163 163 163 163
INSERT 522 522 522 522
INSERT 922 922 922 922
INSERT 710 710 710 710
INSERT 872 872 872 872
INSERT 5 5 5 5
INSERT 153 153 153 153
INSERT 470 470 470 470
INSERT 197 197 197 197
INSERT 786 786 786 786
INSERT 801 801 801 801
INSERT 821 821 821 821
INSERT 590 590 590 590
INSERT 459 459 459 459
INSERT 411 411 411 411
INSERT 469 469 469 469
INSERT 302 302 302 302
INSERT 305 305 305 305
INSERT 177 177 177 177
INSERT 351 351 351 351
INSERT 873 873 873 873
INSERT 709 709 709 709
INSERT 512 512 512 512
INSERT 32 32 32 32
INSERT 877 877 877 877
INSERT 563 563 563 563
INSERT 279 279 279 279
INSERT 896 896 896 896
INSERT 299 299 299 299
INSERT 579 579 579 579
INSERT 370 370 370 370
INSERT 945 945 945 945
INSERT 253 253 253 253
INSERT 756 756 756 756
INSERT 306 306 306 306
INSERT 831 831 831 831
INSERT 990 990 990 990
INSERT 103 103 103 103
INSERT 248 248 248 248
INSERT 357 357 357 357
INSERT 300 300 300 300
INSERT 360 360 360 360
INSERT 765 765 765 765
INSERT 101 101 101 101
INSERT 136 136 136 136
INSERT 724 724 724 724
INSERT 666 666 666 666
INSERT 430 430 430 430
INSERT 973 973 973 973
INSERT 383 383 383 383
INSERT 36 36 36 36
INSERT 679 679 679 679
INSERT 281 281 281 281
INSERT 920 920 920 920
INSERT 846 846 846 846
INSERT 665 665 665 665
INSERT 487 487 487 487
INSERT 570 570 570 570
INSERT 864 864 864 864
INSERT 600 600 600 600
INSERT 97 97 97 97
INSERT 70 70 70 70
INSERT 205 205 205 205
INSERT 969 969 969 969
INSERT 59 59 59 59
INSERT 966 966 966 966
INSERT 906 906 906 906
INSERT 296 296 296 296
INSERT 538 538 538 538
INSERT 435 435 435 435
INSERT 628 628 628 628
INSERT 274 274 274 274
INSERT 124 124 124 124
INSERT 738 738 738 738
INSERT 486 486 486 486
INSERT 792 792 792 792
INSERT 810 810 810 810
INSERT 887 887 887 887
INSERT 133 133 133 133
INSERT 822 822 822 822
INSERT 779 779 779 779
INSERT 622 622 622 622
INSERT 763 763 763 763
INSERT 304 304 304 304
INSERT 397 397 397 397
INSERT 592 592 592 592
INSERT 530 530 530 530
INSERT 962 962 962 962
INSERT 55 55 55 55
INSERT 393 393 393 393
INSERT 139 139 139 139
INSERT 663 663 663 663
INSERT 140 140 140 140
INSERT 204 204 204 204
INSERT 154 154 154 154
INSERT 453 453 453 453
INSERT 939 939 939 939
INSERT 520 520 520 520
INSERT 96 96 96 96
INSERT 394 394 394 394
INSERT 593 593 593 593
INSERT 759 759 759 759
INSERT 376 376 376 376
INSERT 554 554 554 554
INSERT 932 932 932 932
INSERT 890 890 890 890
INSERT 531 531 531 531
INSERT 625 625 625 625
INSERT 576 576 576 576
INSERT 2 2 2 2
INSERT 841 841 841 841
INSERT 4 4 4 4
INSERT 267 267 267 267
INSERT 655 655 655 655
INSERT 552 552 552 552
INSERT 164 164 164 164
INSERT 585 585 585 585
INSERT 284 284 284 284
INSERT 160 160 160 160
INSERT 929 929 929 929
INSERT 7 7 7 7
INSERT 111 111 111 111
INSERT 867 867 867 867
INSERT 53 53 53 53
INSERT 507 507 507 507
INSERT 751 751 751 751
INSERT 45 45 45 45
INSERT 602 602 602 602
INSERT 175 175 175 175
INSERT 433 433 433 433
INSERT 79 79 79 79
INSERT 879 879 879 879
INSERT 958 958 958 958
INSERT 732 732 732 732
INSERT 213 213 213 213
INSERT 793 793 793 793
INSERT 770 770 770 770
INSERT 325 325 325 325
INSERT 39 39 39 39
INSERT 313 313 313 313
INSERT 307 307 307 307
INSERT 421 421 421 421
INSERT 802 802 802 802
INSERT 210 210 210 210
INSERT 178 178 178 178
INSERT 499 499 499 499
INSERT 853 853 853 853
INSERT 437 437 437 437
INSERT 673 673 673 673
INSERT 505 505 505 505
INSERT 539 539 539 539
INSERT 223 223 223 223
INSERT 768 768 768 768
INSERT 543 543 543 543
INSERT 881 881 881 881
INSERT 374 374 374 374
INSERT 634 634 634 634
INSERT 938 938 938 938
INSERT 567 567 567 567
INSERT 540 540 540 540
INSERT 187 187 187 187
INSERT 127 127 127 127
INSERT 636 636 636 636
INSERT 199 199 199 199
INSERT 375 375 375 375
INSERT 335 335 335 335
INSERT 982 982 982 982
INSERT 255 255 255 255
INSERT 317 317 317 317
INSERT 192 192 192 192
INSERT 839 839 839 839
INSERT 298 298 298 298
INSERT 996 996 996 996
INSERT 912 912 912 912
INSERT 553 553 553 553
INSERT 484 484 484 484
INSERT 173 173 173 173
INSERT 445 445 445 445
INSERT 149 149 149 149
INSERT 463 463 463 463
INSERT 856 856 856 856
INSERT 703 703 703 703
INSERT 917 917 917 917
INSERT 327 327 327 327
INSERT 670 670 670 670
INSERT 46 46 46 46
INSERT 845 845 845 845
INSERT 220 220 220 220
INSERT 389 389 389 389
INSERT 476 476 476 476
INSERT 348 348 348 348
INSERT 758 758 758 758
INSERT 129 129 129 129
INSERT 702 702 702 702
INSERT 898 898 898 898
INSERT 659 659 659 659
INSERT 113 113 113 113
INSERT 811 811 811 811
INSERT 19 19 19 19
INSERT 1 1 1 1
INSERT 217 217 217 217
INSERT 477 477 477 477
INSERT 318 318 318 318
INSERT 135 135 135 135
INSERT 517 517 517 517
INSERT 468 468 468 468
INSERT 457 457 457 457
INSERT 794 794 794 794
INSERT 787 787 787 787
INSERT 513 513 513 513
INSERT 529 529 529 529
INSERT 190 190 190 190
INSERT 221 221 221 221
INSERT 236 236 236 236
INSERT 685 685 685 685
INSERT 653 653 653 653
INSERT 86 86 86 86
INSERT 660 660 660 660
INSERT 785 785 785 785
INSERT 760 760 760 760
INSERT 485 485 485 485
INSERT 878 878 878 878
INSERT 198 198 198 198
INSERT 206 206 206 206
INSERT 981 981 981 981
INSERT 747 747 747 747
INSERT 431 431 431 431
INSERT 586 586 586 586
INSERT 752 752 752 752
INSERT 29 29 29 29
INSERT 745 745 745 745
INSERT 247 247 247 247
INSERT 366 366 366 366
INSERT 256 256 256 256
INSERT 689 689 689 689
INSERT 893 893 893 893
INSERT 910 910 910 910
INSERT 110 110 110 110
INSERT 526 526 526 526
INSERT 251 251 251 251
INSERT 270 270 270 270
INSERT 100 100 100 100
INSERT 757 757 757 757
INSERT 603 603 603 603
INSERT 180 180 180 180
INSERT 467 467 467 467
INSERT 72 72 72 72
INSERT 596 596 596 596
INSERT 289 289 289 289
INSERT 886 886 886 886
INSERT 141 141 141 141
INSERT 833 833 833 833
INSERT 142 142 142 142
INSERT 98 98 98 98
INSERT 565 565 565 565
INSERT 10 10 10 10
INSERT 854 854 854 854
INSERT 448 448 448 448
INSERT 146 146 146 146
INSERT 91 91 91 91
INSERT 227 227 227 227
INSERT 226 226 226 226
INSERT 446 446 446 446
INSERT 804 804 804 804
INSERT 876 876 876 876
INSERT 33 33 33 33
INSERT 125 125 125 125
INSERT 723 723 723 723
INSERT 866 866 866 866
INSERT 472 472 472 472
INSERT 263 263 263 263
INSERT 387 387 387 387
INSERT 424 424 424 424
INSERT 574 574 574 574
INSERT 119 119 119 119
INSERT 830 830 830 830
INSERT 422 422 422 422
INSERT 626 626 626 626
INSERT 998 998 998 998
INSERT 429 429 429 429
INSERT 365 365 365 365
INSERT 907 907 907 907
INSERT 649 649 649 649
INSERT 81 81 81 81
INSERT 698 698 698 698
INSERT 598 598 598 598
INSERT 979 979 979 979
INSERT 361 361 361 361
INSERT 150 150 150 150
INSERT 444 444 444 444
INSERT 826 826 826 826
INSERT 991 991 991 991
INSERT 597 597 597 597
INSERT 696 696 696 696
INSERT 244 244 244 244
INSERT 17 17 17 17
INSERT 34 34 34 34
INSERT 147 147 147 147
INSERT 92 92 92 92
INSERT 664 664 664 664
INSERT 769 769 769 769
INSERT 271 271 271 271
INSERT 935 935 935 935
INSERT 378 378 378 378
INSERT 439 439 439 439
INSERT 408 408 408 408
INSERT 451 451 451 451
INSERT 401 401 401 401
INSERT 395 395 395 395
INSERT 432 432 432 432
INSERT 742 742 742 742
INSERT 286 286 286 286
INSERT 310 310 310 310
INSERT 405 405 405 405
INSERT 67 67 67 67
INSERT 277 277 277 277
INSERT 316 316 316 316
INSERT 402 402 402 402
INSERT 730 730 730 730
INSERT 629 629 629 629
INSERT 222 222 222 222
INSERT 265 265 265 265
INSERT 807 807 807 807
INSERT 577 577 577 577
INSERT 350 350 350 350
INSERT 731 731 731 731
INSERT 438 438 438 438
INSERT 588 588 588 588
INSERT 795 795 795 795
INSERT 292 292 292 292
INSERT 104 104 104 104
INSERT 404 404 404 404
INSERT 847 847 847 847
INSERT 64 64 64 64
INSERT 551 551 551 551
INSERT 273 273 273 273
INSERT 717 717 717 717
INSERT 52 52 52 52
INSERT 693 693 693 693
INSERT 883 883 883 883
INSERT 684 684 684 684
INSERT 635 635 635 635
INSERT 686 686 686 686
INSERT 777 777 777 777
INSERT 704 704 704 704
INSERT 462 462 462 462
INSERT 60 60 60 60
INSERT 245 245 245 245
INSERT 791 791 791 791
INSERT 572 572 572 572
INSERT 108 108 108 108
INSERT 426 426 426 426
INSERT 620 620 620 620
INSERT 595 595 595 595
INSERT 950 950 950 950
INSERT 261 261 261 261
INSERT 77 77 77 77
INSERT 882 882 882 882
INSERT 806 806 806 806
INSERT 995 995 995 995
INSERT 232 232 232 232
INSERT 631 631 631 631
INSERT 454 454 454 454
INSERT 934 934 934 934
INSERT 203 203 203 203
INSERT 340 340 340 340
INSERT 736 736 736 736
INSERT 471 471 471 471
INSERT 832 832 832 832
INSERT 905 905 905 905
INSERT 85 85 85 85
INSERT 188 188 188 188
INSERT 984 984 984 984
INSERT 181 181 181 181
INSERT 817 817 817 817
INSERT 944 944 944 944
INSERT 314 314 314 314
INSERT 268 268 268 268
INSERT 90 90 90 90
INSERT 179 179 179 179
INSERT 788 788 788 788
INSERT 750 750 750 750
INSERT 737 737 737 737
INSERT 235 235 235 235
INSERT 680 680 680 680
INSERT 851 851 851 851
INSERT 623 623 623 623
INSERT 874 874 874 874
INSERT 354 354 354 354
INSERT 93 93 93 93
INSERT 158 158 158 158
INSERT 66 66 66 66
INSERT 461 461 461 461
INSERT 535 535 535 535
INSERT 840 840 840 840
INSERT 610 610 610 610
INSERT 871 871 871 871
INSERT 455 455 455 455
INSERT 242 242 242 242
INSERT 537 537 537 537
INSERT 594 594 594 594
INSERT 632 632 632 632
INSERT 193 193 193 193
INSERT 94 94 94 94
INSERT 720 720 720 720
INSERT 321 321 321 321
INSERT 224 224 224 224
INSERT 322 322 322 322
INSERT 781 781 781 781
INSERT 185 185 185 185
INSERT 294 294 294 294
INSERT 566 566 566 566
INSERT 368 368 368 368
INSERT 200 200 200 200
INSERT 783 783 783 783
INSERT 123 123 123 123
INSERT 398 398 398 398
INSERT 49 49 49 49
INSERT 880 880 880 880
INSERT 336 336 336 336
INSERT 278 278 278 278
INSERT 607 607 607 607
INSERT 536 536 536 536
INSERT 452 452 452 452
INSERT 715 715 715 715
INSERT 112 112 112 112
INSERT 712 712 712 712
INSERT 705 705 705 705
INSERT 492 492 492 492
INSERT 669 669 669 669
INSERT 646 646 646 646
INSERT 848 848 848 848
INSERT 587 587 587 587
INSERT 159 159 159 159
INSERT 541 541 541 541
INSERT 549 549 549 549
INSERT 516 516 516 516
INSERT 575 575 575 575
INSERT 218 218 218 218
INSERT 219 219 219 219
INSERT 582 582 582 582
INSERT 498 498 498 498
INSERT 555 555 555 555
INSERT 815 815 815 815
INSERT 442 442 442 442
INSERT 971 971 971 971
INSERT 176 176 176 176
INSERT 741 741 741 741
INSERT 744 744 744 744
INSERT 713 713 713 713
INSERT 480 480 480 480
INSERT 528 528 528 528
INSERT 621 621 621 621
INSERT 138 138 138 138
INSERT 889 889 889 889
INSERT 88 88 88 88
INSERT 13 13 13 13
INSERT 172 172 172 172
INSERT 131 131 131 131
INSERT 209 209 209 209
INSERT 581 581 581 581
INSERT 681 681 681 681
INSERT 624 624 624 624
INSERT 657 657 657 657
INSERT 145 145 145 145
INSERT 16 16 16 16
INSERT 490 490 490 490
INSERT 117 117 117 117
INSERT 464 464 464 464
INSERT 30 30 30 30
INSERT 132 132 132 132
INSERT 601 601 601 601
INSERT 364 364 364 364
INSERT 419 419 419 419
INSERT 37 37 37 37
INSERT 544 544 544 544
INSERT 608 608 608 608
INSERT 417 417 417 417
INSERT 116 116 116 116
INSERT 550 550 550 550
INSERT 500 500 500 500
INSERT 388 388 388 388
INSERT 208 208 208 208
INSERT 320 320 320 320
INSERT 118 118 118 118
INSERT 491 491 491 491
INSERT 683 683 683 683
INSERT 968 968 968 968
INSERT 891 891 891 891
INSERT 481 481 481 481
INSERT 191 191 191 191
INSERT 861 861 861 861
INSERT 38 38 38 38
INSERT 828 828 828 828
INSERT 892 892 892 892
INSERT 835 835 835 835
INSERT 262 262 262 262
INSERT 818 818 818 818
INSERT 952 952 952 952
INSERT 647 647 647 647
INSERT 909 909 909 909
INSERT 137 137 137 137
INSERT 407 407 407 407
INSERT 264 264 264 264
INSERT 377 377 377 377
INSERT 385 385 385 385
INSERT 488 488 488 488
INSERT 706 706 706 706
INSERT 259 259 259 259
INSERT 940 940 940 940
INSERT 15 15 15 15
INSERT 630 630 630 630
INSERT 414 414 414 414
INSERT 381 381 381 381
INSERT 334 334 334 334
INSERT 511 511 511 511
INSERT 976 976 976 976
INSERT 40 40 40 40
INSERT 243 243 243 243
INSERT 400 400 400 400
INSERT 285 285 285 285
INSERT 346 346 346 346
INSERT 829 829 829 829
INSERT 988 988 988 988
INSERT 157 157 157 157
INSERT 714 714 714 714
INSERT 855 855 855 855
INSERT 506 506 506 506
INSERT 953 953 953 953
INSERT 42 42 42 42
INSERT 392 392 392 392
INSERT 924 924 924 924
INSERT 496 496 496 496
INSERT 707 707 707 707
INSERT 382 382 382 382
INSERT 611 611 611 611
INSERT 51 51 51 51
INSERT 808 808 808 808
INSERT 573 573 573 573
INSERT 358 358 358 358
INSERT 838 838 838 838
INSERT 604 604 604 604
INSERT 276 276 276 276
INSERT 367 367 367 367
INSERT 548 548 548 548
INSERT 930 930 930 930
INSERT 948 948 948 948
INSERT 233 233 233 233
INSERT 353 353 353 353
INSERT 372 372 372 372
INSERT 819 819 819 819
INSERT 947 947 947 947
INSERT 862 862 862 862
INSERT 569 569 569 569
INSERT 813 813 813 813
INSERT 359 359 359 359
INSERT 465 465 465 465
INSERT 915 915 915 915
INSERT 282 282 282 282
INSERT 21 21 21 21
INSERT 280 280 280 280
INSERT 675 675 675 675
INSERT 504 504 504 504
INSERT 993 993 993 993
INSERT 946 946 946 946
INSERT 349 349 349 349
INSERT 166 166 166 166
INSERT 936 936 936 936
INSERT 764 764 764 764
INSERT 216 216 216 216
INSERT 897 897 897 897
INSERT 386 386 386 386
INSERT 228 228 228 228
INSERT 894 894 894 894
INSERT 182 182 182 182
INSERT 84 84 84 84
INSERT 415 415 415 415
INSERT 356 356 356 356
INSERT 644 644 644 644
INSERT 514 514 514 514
INSERT 434 434 434 434
INSERT 776 776 776 776
INSERT 410 410 410 410
INSERT 161 161 161 161
INSERT 126 126 126 126
INSERT 954 954 954 954
INSERT 656 656 656 656
INSERT 347 347 347 347
INSERT 230 230 230 230
INSERT 700 700 700 700
INSERT 369 369 369 369
INSERT 937 937 937 937
INSERT 120 120 120 120
INSERT 50 50 50 50
INSERT 974 974 974 974
INSERT 240 240 240 240
INSERT 816 816 816 816
INSERT 559 559 559 559
INSERT 71 71 71 71
INSERT 994 994 994 994
INSERT 772 772 772 772
INSERT 61 61 61 61
INSERT 727 727 727 727
INSERT 413 413 413 413
INSERT 859 859 859 859
INSERT 311 311 311 311
INSERT 460 460 460 460
INSERT 479 479 479 479
INSERT 184 184 184 184
INSERT 668 668 668 668
INSERT 960 960 960 960
INSERT 323 323 323 323
INSERT 473 473 473 473
INSERT 957 957 957 957
INSERT 428 428 428 428
INSERT 449 449 449 449
INSERT 252 252 252 252
INSERT 799 799 799 799
INSERT 301 301 301 301
INSERT 716 716 716 716
INSERT 843 843 843 843
INSERT 308 308 308 308
INSERT 591 591 591 591
INSERT 291 291 291 291
INSERT 970 970 970 970
INSERT 167 167 167 167
INSERT 711 711 711 711
INSERT 827 827 827 827
INSERT 916 916 916 916
INSERT 169 169 169 169
INSERT 908 908 908 908
INSERT 363 363 363 363
INSERT 11 11 11 11
INSERT 503 503 503 503
INSERT 639 639 639 639
INSERT 955 955 955 955
INSERT 895 895 895 895
INSERT 648 648 648 648
INSERT 25 25 25 25
INSERT 249 249 249 249
INSERT 155 155 155 155
INSERT 215 215 215 215
INSERT 755 755 755 755
INSERT 338 338 338 338
INSERT 443 443 443 443
INSERT 726 726 726 726
INSERT 676 676 676 676
INSERT 523 523 523 523
INSERT 82 82 82 82
INSERT 28 28 28 28
INSERT 865 865 865 865
INSERT 986 986 986 986
INSERT 250 250 250 250
INSERT 633 633 633 633
INSERT 237 237 237 237
INSERT 474 474 474 474
INSERT 771 771 771 771
INSERT 797 797 797 797
INSERT 144 144 144 144
INSERT 196 196 196 196
INSERT 921 921 921 921
INSERT 303 303 303 303
INSERT 547 547 547 547
INSERT 532 532 532 532
INSERT 115 115 115 115
INSERT 447 447 447 447
INSERT 615 615 615 615
INSERT 238 238 238 238
INSERT 525 525 525 525
INSERT 616 616 616 616
INSERT 967 967 967 967
INSERT 690 690 690 690
INSERT 425 425 425 425
INSERT 396 396 396 396
INSERT 297 297 297 297
INSERT 677 677 677 677
INSERT 47 47 47 47
INSERT 76 76 76 76
INSERT 106 106 106 106
INSERT 319 319 319 319
INSERT 842 842 842 842
INSERT 315 315 315 315
INSERT 35 35 35 35
INSERT 734 734 734 734
INSERT 814 814 814 814
INSERT 617 617 617 617
INSERT 441 441 441 441
INSERT 31 31 31 31
INSERT 328 328 328 328
INSERT 22 22 22 22
INSERT 54 54 54 54
INSERT 640 640 640 640
INSERT 775 775 775 775
INSERT 612 612 612 612
INSERT 324 324 324 324
INSERT 805 805 805 805
INSERT 95 95 95 95
INSERT 326 326 326 326
INSERT 68 68 68 68
INSERT 57 57 57 57
INSERT 571 571 571 571
INSERT 225 225 225 225
INSERT 427 427 427 427
INSERT 345 345 345 345
INSERT 959 959 959 959
INSERT 207 207 207 207
INSERT 456 456 456 456
INSERT 762 762 762 762
INSERT 80 80 80 80
INSERT 927 927 927 927
INSERT 836 836 836 836
INSERT 258 258 258 258
INSERT 156 156 156 156
INSERT 3 3 3 3
INSERT 645 645 645 645
INSERT 170 170 170 170
INSERT 733 733 733 733
INSERT 379 379 379 379
INSERT 688 688 688 688
INSERT 599 599 599 599
INSERT 56 56 56 56
INSERT 721 721 721 721
INSERT 272 272 272 272
INSERT 420 420 420 420
INSERT 809 809 809 809
INSERT 578 578 578 578
INSERT 869 869 869 869
INSERT 151 151 151 151
INSERT 999 999 999 999
INSERT 502 502 502 502
INSERT 24 24 24 24
INSERT 23 23 23 23
INSERT 495 495 495 495
INSERT 766 766 766 766
INSERT 283 283 283 283
INSERT 501 501 501 501
INSERT 58 58 58 58
INSERT 904 904 904 904
INSERT 753 753 753 753
INSERT 942 942 942 942
INSERT 44 44 44 44
INSERT 914 914 914 914
INSERT 412 412 412 412
INSERT 725 725 725 725
INSERT 423 423 423 423
INSERT 107 107 107 107
INSERT 269 269 269 269
INSERT 651 651 651 651
INSERT 403 403 403 403
INSERT 672 672 672 672
INSERT 275 275 275 275
INSERT 87 87 87 87
INSERT 583 583 583 583
INSERT 691 691 691 691
INSERT 933 933 933 933
INSERT 885 885 885 885
INSERT 174 174 174 174
INSERT 241 241 241 241
INSERT 333 333 333 333
INSERT 798 798 798 798
